function [W,dRv,dZv] = vessel_filaments

W(1:52,1) = ones(52,1)*0.8475;
W(1:52,2) = -0.255:0.01:0.255;
W(53:143,1) = 0.8475:-0.005:0.3975;
W(53:143,2) = ones(91,1)*0.266;
W(144:195,1) = ones(52,1)*0.3975;
W(144:195,2) = 0.255:-0.01:-0.255;
W(196:286,1) = 0.3975:0.005:0.8475;
W(196:286,2) = -ones(91,1)*0.266;
dRv = [ones(52,1)*5e-3;  ones(91,1)*5e-3;  ones(52,1)*5e-3;  ones(91,1)*5e-3];
dZv = [ones(52,1)*10e-3; ones(91,1)*12e-3; ones(52,1)*10e-3; ones(91,1)*12e-3];

%% Rotating start point
W = W([170:end 1:169],:);
dRv = dRv([170:end 1:169],:);
dZv = dZv([170:end 1:169],:);

end